export const AminoAcidData = {
  all: "ACDEFGHIKLMNOPQRSTUVWY",
  mw: {
    A: [71.0779, 71.037113],
    C: [103.1429, 103.009184],
    D: [115.0874, 115.026943],
    E: [129.114, 129.042593],
    F: [147.1738, 147.06841400000002],
    G: [57.0513, 57.021463],
    H: [137.1393, 137.05891200000002],
    I: [113.1576, 113.084064],
    K: [128.1723, 128.094963],
    L: [113.1576, 113.084064],
    M: [131.196, 131.040484],
    N: [114.1026, 114.042927],
    O: [237.2981, 237.14772699999997],
    P: [97.1152, 97.052764],
    Q: [128.1292, 128.058577],
    R: [156.1857, 156.101111],
    S: [87.07730000000001, 87.032028],
    T: [101.10390000000001, 101.047678],
    U: [150.0379, 150.953638],
    V: [99.131, 99.068414],
    W: [186.2099, 186.079313],
    Y: [163.1732, 163.06332500000002],
    water: [18.0153, 18.010565]
  },
  mw1: {
    A: [89.0932, 89.047678],
    C: [121.1582, 121.019749],
    D: [133.1027, 133.037508],
    E: [147.1293, 147.053158],
    F: [165.1891, 165.078979],
    G: [75.0666, 75.032028],
    H: [155.1546, 155.069477],
    I: [131.1729, 131.094629],
    K: [146.1876, 146.105528],
    L: [131.1729, 131.094629],
    M: [149.2113, 149.051049],
    N: [132.1179, 132.053492],
    O: [255.3134, 255.158292],
    P: [115.1305, 115.063329],
    Q: [146.1445, 146.069142],
    R: [174.201, 174.111676],
    S: [105.0926, 105.042593],
    T: [119.1192, 119.058243],
    U: [168.0532, 168.964203],
    V: [117.1463, 117.078979],
    W: [204.2252, 204.089878],
    Y: [181.1885, 181.07389],
    water: [18.0153, 18.010565]
  },
  pi: {
    pos_pKs: { Nterm: 7.5, K: 10.0, R: 12.0, H: 5.98 },
    neg_pKs: { Cterm: 3.55, D: 4.05, E: 4.45, C: 9.0, Y: 10.0 },
    pKcterminal: { D: 4.55, E: 4.75 },
    pKnterminal: { A: 7.59, M: 7.0, S: 6.93, P: 8.36, T: 6.82, V: 7.44, E: 7.7 },
    charged_aas: ["K", "R", "H", "D", "E", "C", "Y"]
  }
};
